 <beginpolygon>
 -44.9583400000000 -9.95833400000000 0
 -44.9583400000000 -9.87500000000000 0
 -44.9583400000000 -9.79166600000000 0
 -44.9583400000000 -9.70833400000000 0
 -44.9583400000000 -9.62500000000000 0
 -44.9583400000000 -9.54166600000000 0
 -44.9583400000000 -9.45833400000000 0
 -44.9583400000000 -9.37500000000000 0
 -44.9583400000000 -9.29166600000000 0
 -44.9583400000000 -9.20833400000000 0
 -44.9583400000000 -9.12500000000000 0
 -44.9583400000000 -9.04166600000000 0
 -44.9583400000000 -8.95833400000000 0
 -44.9583400000000 -8.87500000000000 0
 -44.9583400000000 -8.79166600000000 0
 -44.9583400000000 -8.70833400000000 0
 -44.9583400000000 -8.62500000000000 0
 -44.9583400000000 -8.54166600000000 0
 -44.9583400000000 -8.45833400000000 0
 -44.9583400000000 -8.37500000000000 0
 -44.9583400000000 -8.29166600000000 0
 -44.9583400000000 -8.20833400000000 0
 -44.9583400000000 -8.12500000000000 0
 -44.9583400000000 -8.04166600000000 0
 -44.9583400000000 -7.95833300000000 0
 -44.9583400000000 -7.87500000000000 0
 -44.9583400000000 -7.79166700000000 0
 -44.9583400000000 -7.70833300000000 0
 -44.9583400000000 -7.62500000000000 0
 -44.9583400000000 -7.54166700000000 0
 -44.9583400000000 -7.45833300000000 0
 -44.9583400000000 -7.37500000000000 0
 -44.9583400000000 -7.29166700000000 0
 -44.9583400000000 -7.20833300000000 0
 -44.9583400000000 -7.12500000000000 0
 -44.9583400000000 -7.04166700000000 0
 -44.9583400000000 -6.95833300000000 0
 -44.9583400000000 -6.87500000000000 0
 -44.9583400000000 -6.79166700000000 0
 -44.9583400000000 -6.70833300000000 0
 -44.9583400000000 -6.62500000000000 0
 -44.9583400000000 -6.54166700000000 0
 -44.9583400000000 -6.45833300000000 0
 -44.9583400000000 -6.37500000000000 0
 -44.9583400000000 -6.29166700000000 0
 -44.9583400000000 -6.20833300000000 0
 -44.9583400000000 -6.12500000000000 0
 -44.9583400000000 -6.04166700000000 0
 -44.9583400000000 -5.95833300000000 0
 -44.9583400000000 -5.87500000000000 0
 -44.9583400000000 -5.79166700000000 0
 -44.9583400000000 -5.70833300000000 0
 -44.9583400000000 -5.62500000000000 0
 -44.9583400000000 -5.54166700000000 0
 -44.9583400000000 -5.45833300000000 0
 -44.9583400000000 -5.37500000000000 0
 -44.9583400000000 -5.29166700000000 0
 -44.9583400000000 -5.20833300000000 0
 -44.9583400000000 -5.12500000000000 0
 -44.9583400000000 -5.04166700000000 0
 -44.9583400000000 -4.95833300000000 0
 -44.9583400000000 -4.87500000000000 0
 -44.9583400000000 -4.79166700000000 0
 -44.9583400000000 -4.70833300000000 0
 -44.9583400000000 -4.62500000000000 0
 -44.9583400000000 -4.54166700000000 0
 -44.9583400000000 -4.45833300000000 0
 -44.9583400000000 -4.37500000000000 0
 -44.9583400000000 -4.29166700000000 0
 -44.9583400000000 -4.20833300000000 0
 -44.9583400000000 -4.12500000000000 0
 -44.9583400000000 -4.04166700000000 0
 -44.9583400000000 -3.95833300000000 0
 -44.9583400000000 -3.87500000000000 0
 -44.9583400000000 -3.79166700000000 0
 -44.9583400000000 -3.70833300000000 0
 -44.9583400000000 -3.62500000000000 0
 -44.9583400000000 -3.54166700000000 0
 -44.9583400000000 -3.45833300000000 0
 -44.9583400000000 -3.37500000000000 0
 -44.9583400000000 -3.29166700000000 0
 -44.9583400000000 -3.20833300000000 0
 -44.9583400000000 -3.12500000000000 0
 -44.9583400000000 -3.04166700000000 0
 -44.9583400000000 -2.95833300000000 0
 -44.9583400000000 -2.87500000000000 0
 -44.9583400000000 -2.79166700000000 0
 -44.9583400000000 -2.70833300000000 0
 -44.9583400000000 -2.62500000000000 0
 -44.9583400000000 -2.54166700000000 0
 -44.9583400000000 -2.45833300000000 0
 -44.9583400000000 -2.37500000000000 0
 -44.9583400000000 -2.29166700000000 0
 -44.9583400000000 -2.20833300000000 0
 -44.9583400000000 -2.12500000000000 0
 -44.9583400000000 -2.04166700000000 0
 -44.9583400000000 -1.95833300000000 0
 -44.9583400000000 -1.87500000000000 0
 -44.9583400000000 -1.79166700000000 0
 -44.9583400000000 -1.70833300000000 0
 -44.9583400000000 -1.62500000000000 0
 -44.9583400000000 -1.54166700000000 0
 -44.9583400000000 -1.45833300000000 0
 -44.9583400000000 -1.37500000000000 0
 -44.9583400000000 -1.29166700000000 0
 -44.9583400000000 -1.20833300000000 0
 -44.9583400000000 -1.12500000000000 0
 -44.9583400000000 -1.04166700000000 0
 -44.9583400000000 -0.958333400000000 0
 -44.9583400000000 -0.875000000000000 0
 -44.9583400000000 -0.791666600000000 0
 -44.9583400000000 -0.708333400000000 0
 -44.9583400000000 -0.625000000000000 0
 -44.9583400000000 -0.541666600000000 0
 -44.9583400000000 -0.458333300000000 0
 -44.9583400000000 -0.375000000000000 0
 -44.9583400000000 -0.291666700000000 0
 -44.9583400000000 -0.208333300000000 0
 -44.9583400000000 -0.125000000000000 0
 -44.9583400000000 -4.166666800000000E-002 0
 -44.9583400000000 4.166666800000000E-002 0
 -44.9583400000000 0.125000000000000 0
 -44.9583400000000 0.208333300000000 0
 -44.9583400000000 0.291666700000000 0
 -44.9583400000000 0.375000000000000 0
 -44.9583400000000 0.458333300000000 0
 -44.9583400000000 0.541666600000000 0
 -44.9583400000000 0.625000000000000 0
 -44.9583400000000 0.708333400000000 0
 -44.9583400000000 0.791666600000000 0
 -44.9583400000000 0.875000000000000 0
 -44.9583400000000 0.958333400000000 0
 -44.8750000000000 0.958333400000000 0
 -44.7916600000000 0.958333400000000 0
 -44.7083400000000 0.958333400000000 0
 -44.6250000000000 0.958333400000000 0
 -44.5416600000000 0.958333400000000 0
 -44.4583400000000 0.958333400000000 0
 -44.3750000000000 0.958333400000000 0
 -44.2916600000000 0.958333400000000 0
 -44.2083400000000 0.958333400000000 0
 -44.1250000000000 0.958333400000000 0
 -44.0416600000000 0.958333400000000 0
 -43.9583400000000 0.958333400000000 0
 -43.8750000000000 0.958333400000000 0
 -43.7916600000000 0.958333400000000 0
 -43.7083400000000 0.958333400000000 0
 -43.6250000000000 0.958333400000000 0
 -43.5416600000000 0.958333400000000 0
 -43.4583400000000 0.958333400000000 0
 -43.3750000000000 0.958333400000000 0
 -43.2916600000000 0.958333400000000 0
 -43.2083400000000 0.958333400000000 0
 -43.1250000000000 0.958333400000000 0
 -43.0416600000000 0.958333400000000 0
 -42.9583400000000 0.958333400000000 0
 -42.8750000000000 0.958333400000000 0
 -42.7916600000000 0.958333400000000 0
 -42.7083400000000 0.958333400000000 0
 -42.6250000000000 0.958333400000000 0
 -42.5416600000000 0.958333400000000 0
 -42.4583400000000 0.958333400000000 0
 -42.3750000000000 0.958333400000000 0
 -42.2916600000000 0.958333400000000 0
 -42.2083400000000 0.958333400000000 0
 -42.1250000000000 0.958333400000000 0
 -42.0416600000000 0.958333400000000 0
 -41.9583400000000 0.958333400000000 0
 -41.8750000000000 0.958333400000000 0
 -41.7916600000000 0.958333400000000 0
 -41.7083400000000 0.958333400000000 0
 -41.6250000000000 0.958333400000000 0
 -41.5416600000000 0.958333400000000 0
 -41.4583400000000 0.958333400000000 0
 -41.3750000000000 0.958333400000000 0
 -41.2916600000000 0.958333400000000 0
 -41.2083400000000 0.958333400000000 0
 -41.1250000000000 0.958333400000000 0
 -41.0416600000000 0.958333400000000 0
 -40.9583400000000 0.958333400000000 0
 -40.8750000000000 0.958333400000000 0
 -40.7916600000000 0.958333400000000 0
 -40.7083400000000 0.958333400000000 0
 -40.6250000000000 0.958333400000000 0
 -40.5416600000000 0.958333400000000 0
 -40.4583400000000 0.958333400000000 0
 -40.3750000000000 0.958333400000000 0
 -40.2916600000000 0.958333400000000 0
 -40.2083400000000 0.958333400000000 0
 -40.1250000000000 0.958333400000000 0
 -40.0416600000000 0.958333400000000 0
 -39.9583400000000 0.958333400000000 0
 -39.8750000000000 0.958333400000000 0
 -39.7916600000000 0.958333400000000 0
 -39.7083400000000 0.958333400000000 0
 -39.6250000000000 0.958333400000000 0
 -39.5416600000000 0.958333400000000 0
 -39.4583400000000 0.958333400000000 0
 -39.3750000000000 0.958333400000000 0
 -39.2916600000000 0.958333400000000 0
 -39.2083400000000 0.958333400000000 0
 -39.1250000000000 0.958333400000000 0
 -39.0416600000000 0.958333400000000 0
 -38.9583400000000 0.958333400000000 0
 -38.8750000000000 0.958333400000000 0
 -38.7916600000000 0.958333400000000 0
 -38.7083400000000 0.958333400000000 0
 -38.6250000000000 0.958333400000000 0
 -38.5416600000000 0.958333400000000 0
 -38.4583400000000 0.958333400000000 0
 -38.3750000000000 0.958333400000000 0
 -38.2916600000000 0.958333400000000 0
 -38.2083400000000 0.958333400000000 0
 -38.1250000000000 0.958333400000000 0
 -38.0416600000000 0.958333400000000 0
 -37.9583400000000 0.958333400000000 0
 -37.8750000000000 0.958333400000000 0
 -37.7916600000000 0.958333400000000 0
 -37.7083400000000 0.958333400000000 0
 -37.6250000000000 0.958333400000000 0
 -37.5416600000000 0.958333400000000 0
 -37.4583400000000 0.958333400000000 0
 -37.3750000000000 0.958333400000000 0
 -37.2916600000000 0.958333400000000 0
 -37.2083400000000 0.958333400000000 0
 -37.1250000000000 0.958333400000000 0
 -37.0416600000000 0.958333400000000 0
 -36.9583400000000 0.958333400000000 0
 -36.8750000000000 0.958333400000000 0
 -36.7916600000000 0.958333400000000 0
 -36.7083400000000 0.958333400000000 0
 -36.6250000000000 0.958333400000000 0
 -36.5416600000000 0.958333400000000 0
 -36.4583400000000 0.958333400000000 0
 -36.3750000000000 0.958333400000000 0
 -36.2916600000000 0.958333400000000 0
 -36.2083400000000 0.958333400000000 0
 -36.1250000000000 0.958333400000000 0
 -36.0416600000000 0.958333400000000 0
 -35.9583400000000 0.958333400000000 0
 -35.8750000000000 0.958333400000000 0
 -35.7916600000000 0.958333400000000 0
 -35.7083400000000 0.958333400000000 0
 -35.6250000000000 0.958333400000000 0
 -35.5416600000000 0.958333400000000 0
 -35.4583400000000 0.958333400000000 0
 -35.3750000000000 0.958333400000000 0
 -35.2916600000000 0.958333400000000 0
 -35.2083400000000 0.958333400000000 0
 -35.1250000000000 0.958333400000000 0
 -35.0416600000000 0.958333400000000 0
 -34.9583400000000 0.958333400000000 0
 -34.8750000000000 0.958333400000000 0
 -34.7916600000000 0.958333400000000 0
 -34.7083400000000 0.958333400000000 0
 -34.6250000000000 0.958333400000000 0
 -34.5416600000000 0.958333400000000 0
 -34.4583400000000 0.958333400000000 0
 -34.3750000000000 0.958333400000000 0
 -34.2916600000000 0.958333400000000 0
 -34.2083400000000 0.958333400000000 0
 -34.1250000000000 0.958333400000000 0
 -34.0416600000000 0.958333400000000 0
 -33.9583400000000 0.958333400000000 0
 -33.8750000000000 0.958333400000000 0
 -33.7916600000000 0.958333400000000 0
 -33.7083400000000 0.958333400000000 0
 -33.6250000000000 0.958333400000000 0
 -33.5416600000000 0.958333400000000 0
 -33.4583400000000 0.958333400000000 0
 -33.3750000000000 0.958333400000000 0
 -33.2916600000000 0.958333400000000 0
 -33.2083400000000 0.958333400000000 0
 -33.1250000000000 0.958333400000000 0
 -33.0416600000000 0.958333400000000 0
 -32.9583400000000 0.958333400000000 0
 -32.8750000000000 0.958333400000000 0
 -32.7916600000000 0.958333400000000 0
 -32.7083400000000 0.958333400000000 0
 -32.6250000000000 0.958333400000000 0
 -32.5416600000000 0.958333400000000 0
 -32.4583400000000 0.958333400000000 0
 -32.3750000000000 0.958333400000000 0
 -32.2916600000000 0.958333400000000 0
 -32.2083400000000 0.958333400000000 0
 -32.1250000000000 0.958333400000000 0
 -32.0416600000000 0.958333400000000 0
 -31.9583300000000 0.958333400000000 0
 -31.8750000000000 0.958333400000000 0
 -31.7916700000000 0.958333400000000 0
 -31.7083300000000 0.958333400000000 0
 -31.6250000000000 0.958333400000000 0
 -31.5416700000000 0.958333400000000 0
 -31.4583300000000 0.958333400000000 0
 -31.3750000000000 0.958333400000000 0
 -31.2916700000000 0.958333400000000 0
 -31.2083300000000 0.958333400000000 0
 -31.1250000000000 0.958333400000000 0
 -31.0416700000000 0.958333400000000 0
 -30.9583300000000 0.958333400000000 0
 -30.8750000000000 0.958333400000000 0
 -30.7916700000000 0.958333400000000 0
 -30.7083300000000 0.958333400000000 0
 -30.6250000000000 0.958333400000000 0
 -30.5416700000000 0.958333400000000 0
 -30.4583300000000 0.958333400000000 0
 -30.3750000000000 0.958333400000000 0
 -30.2916700000000 0.958333400000000 0
 -30.2083300000000 0.958333400000000 0
 -30.1250000000000 0.958333400000000 0
 -30.0416700000000 0.958333400000000 0
 -30.0416700000000 0.875000000000000 0
 -30.0416700000000 0.791666600000000 0
 -30.0416700000000 0.708333400000000 0
 -30.0416700000000 0.625000000000000 0
 -30.0416700000000 0.541666600000000 0
 -30.0416700000000 0.458333300000000 0
 -30.0416700000000 0.375000000000000 0
 -30.0416700000000 0.291666700000000 0
 -30.0416700000000 0.208333300000000 0
 -30.0416700000000 0.125000000000000 0
 -30.0416700000000 4.166666800000000E-002 0
 -30.0416700000000 -4.166666800000000E-002 0
 -30.0416700000000 -0.125000000000000 0
 -30.0416700000000 -0.208333300000000 0
 -30.0416700000000 -0.291666700000000 0
 -30.0416700000000 -0.375000000000000 0
 -30.0416700000000 -0.458333300000000 0
 -30.0416700000000 -0.541666600000000 0
 -30.0416700000000 -0.625000000000000 0
 -30.0416700000000 -0.708333400000000 0
 -30.0416700000000 -0.791666600000000 0
 -30.0416700000000 -0.875000000000000 0
 -30.0416700000000 -0.958333400000000 0
 -30.0416700000000 -1.04166700000000 0
 -30.0416700000000 -1.12500000000000 0
 -30.0416700000000 -1.20833300000000 0
 -30.0416700000000 -1.29166700000000 0
 -30.0416700000000 -1.37500000000000 0
 -30.0416700000000 -1.45833300000000 0
 -30.0416700000000 -1.54166700000000 0
 -30.0416700000000 -1.62500000000000 0
 -30.0416700000000 -1.70833300000000 0
 -30.0416700000000 -1.79166700000000 0
 -30.0416700000000 -1.87500000000000 0
 -30.0416700000000 -1.95833300000000 0
 -30.0416700000000 -2.04166700000000 0
 -30.0416700000000 -2.12500000000000 0
 -30.0416700000000 -2.20833300000000 0
 -30.0416700000000 -2.29166700000000 0
 -30.0416700000000 -2.37500000000000 0
 -30.0416700000000 -2.45833300000000 0
 -30.0416700000000 -2.54166700000000 0
 -30.0416700000000 -2.62500000000000 0
 -30.0416700000000 -2.70833300000000 0
 -30.0416700000000 -2.79166700000000 0
 -30.0416700000000 -2.87500000000000 0
 -30.0416700000000 -2.95833300000000 0
 -30.0416700000000 -3.04166700000000 0
 -30.0416700000000 -3.12500000000000 0
 -30.0416700000000 -3.20833300000000 0
 -30.0416700000000 -3.29166700000000 0
 -30.0416700000000 -3.37500000000000 0
 -30.0416700000000 -3.45833300000000 0
 -30.0416700000000 -3.54166700000000 0
 -30.0416700000000 -3.62500000000000 0
 -30.0416700000000 -3.70833300000000 0
 -30.0416700000000 -3.79166700000000 0
 -30.0416700000000 -3.87500000000000 0
 -30.0416700000000 -3.95833300000000 0
 -30.0416700000000 -4.04166700000000 0
 -30.0416700000000 -4.12500000000000 0
 -30.0416700000000 -4.20833300000000 0
 -30.0416700000000 -4.29166700000000 0
 -30.0416700000000 -4.37500000000000 0
 -30.0416700000000 -4.45833300000000 0
 -30.0416700000000 -4.54166700000000 0
 -30.0416700000000 -4.62500000000000 0
 -30.0416700000000 -4.70833300000000 0
 -30.0416700000000 -4.79166700000000 0
 -30.0416700000000 -4.87500000000000 0
 -30.0416700000000 -4.95833300000000 0
 -30.0416700000000 -5.04166700000000 0
 -30.0416700000000 -5.12500000000000 0
 -30.0416700000000 -5.20833300000000 0
 -30.0416700000000 -5.29166700000000 0
 -30.0416700000000 -5.37500000000000 0
 -30.0416700000000 -5.45833300000000 0
 -30.0416700000000 -5.54166700000000 0
 -30.0416700000000 -5.62500000000000 0
 -30.0416700000000 -5.70833300000000 0
 -30.0416700000000 -5.79166700000000 0
 -30.0416700000000 -5.87500000000000 0
 -30.0416700000000 -5.95833300000000 0
 -30.0416700000000 -6.04166700000000 0
 -30.0416700000000 -6.12500000000000 0
 -30.0416700000000 -6.20833300000000 0
 -30.0416700000000 -6.29166700000000 0
 -30.0416700000000 -6.37500000000000 0
 -30.0416700000000 -6.45833300000000 0
 -30.0416700000000 -6.54166700000000 0
 -30.0416700000000 -6.62500000000000 0
 -30.0416700000000 -6.70833300000000 0
 -30.0416700000000 -6.79166700000000 0
 -30.0416700000000 -6.87500000000000 0
 -30.0416700000000 -6.95833300000000 0
 -30.0416700000000 -7.04166700000000 0
 -30.0416700000000 -7.12500000000000 0
 -30.0416700000000 -7.20833300000000 0
 -30.0416700000000 -7.29166700000000 0
 -30.0416700000000 -7.37500000000000 0
 -30.0416700000000 -7.45833300000000 0
 -30.0416700000000 -7.54166700000000 0
 -30.0416700000000 -7.62500000000000 0
 -30.0416700000000 -7.70833300000000 0
 -30.0416700000000 -7.79166700000000 0
 -30.0416700000000 -7.87500000000000 0
 -30.0416700000000 -7.95833300000000 0
 -30.0416700000000 -8.04166600000000 0
 -30.0416700000000 -8.12500000000000 0
 -30.0416700000000 -8.20833400000000 0
 -30.0416700000000 -8.29166600000000 0
 -30.0416700000000 -8.37500000000000 0
 -30.0416700000000 -8.45833400000000 0
 -30.0416700000000 -8.54166600000000 0
 -30.0416700000000 -8.62500000000000 0
 -30.0416700000000 -8.70833400000000 0
 -30.0416700000000 -8.79166600000000 0
 -30.0416700000000 -8.87500000000000 0
 -30.0416700000000 -8.95833400000000 0
 -30.0416700000000 -9.04166600000000 0
 -30.0416700000000 -9.12500000000000 0
 -30.0416700000000 -9.20833400000000 0
 -30.0416700000000 -9.29166600000000 0
 -30.0416700000000 -9.37500000000000 0
 -30.0416700000000 -9.45833400000000 0
 -30.0416700000000 -9.54166600000000 0
 -30.0416700000000 -9.62500000000000 0
 -30.0416700000000 -9.70833400000000 0
 -30.0416700000000 -9.79166600000000 0
 -30.0416700000000 -9.87500000000000 0
 -30.0416700000000 -9.95833400000000 0
 -30.1250000000000 -9.95833400000000 0
 -30.2083300000000 -9.95833400000000 0
 -30.2916700000000 -9.95833400000000 0
 -30.3750000000000 -9.95833400000000 0
 -30.4583300000000 -9.95833400000000 0
 -30.5416700000000 -9.95833400000000 0
 -30.6250000000000 -9.95833400000000 0
 -30.7083300000000 -9.95833400000000 0
 -30.7916700000000 -9.95833400000000 0
 -30.8750000000000 -9.95833400000000 0
 -30.9583300000000 -9.95833400000000 0
 -31.0416700000000 -9.95833400000000 0
 -31.1250000000000 -9.95833400000000 0
 -31.2083300000000 -9.95833400000000 0
 -31.2916700000000 -9.95833400000000 0
 -31.3750000000000 -9.95833400000000 0
 -31.4583300000000 -9.95833400000000 0
 -31.5416700000000 -9.95833400000000 0
 -31.6250000000000 -9.95833400000000 0
 -31.7083300000000 -9.95833400000000 0
 -31.7916700000000 -9.95833400000000 0
 -31.8750000000000 -9.95833400000000 0
 -31.9583300000000 -9.95833400000000 0
 -32.0416600000000 -9.95833400000000 0
 -32.1250000000000 -9.95833400000000 0
 -32.2083400000000 -9.95833400000000 0
 -32.2916600000000 -9.95833400000000 0
 -32.3750000000000 -9.95833400000000 0
 -32.4583400000000 -9.95833400000000 0
 -32.5416600000000 -9.95833400000000 0
 -32.6250000000000 -9.95833400000000 0
 -32.7083400000000 -9.95833400000000 0
 -32.7916600000000 -9.95833400000000 0
 -32.8750000000000 -9.95833400000000 0
 -32.9583400000000 -9.95833400000000 0
 -33.0416600000000 -9.95833400000000 0
 -33.1250000000000 -9.95833400000000 0
 -33.2083400000000 -9.95833400000000 0
 -33.2916600000000 -9.95833400000000 0
 -33.3750000000000 -9.95833400000000 0
 -33.4583400000000 -9.95833400000000 0
 -33.5416600000000 -9.95833400000000 0
 -33.6250000000000 -9.95833400000000 0
 -33.7083400000000 -9.95833400000000 0
 -33.7916600000000 -9.95833400000000 0
 -33.8750000000000 -9.95833400000000 0
 -33.9583400000000 -9.95833400000000 0
 -34.0416600000000 -9.95833400000000 0
 -34.1250000000000 -9.95833400000000 0
 -34.2083400000000 -9.95833400000000 0
 -34.2916600000000 -9.95833400000000 0
 -34.3750000000000 -9.95833400000000 0
 -34.4583400000000 -9.95833400000000 0
 -34.5416600000000 -9.95833400000000 0
 -34.6250000000000 -9.95833400000000 0
 -34.7083400000000 -9.95833400000000 0
 -34.7916600000000 -9.95833400000000 0
 -34.8750000000000 -9.95833400000000 0
 -34.9583400000000 -9.95833400000000 0
 -35.0416600000000 -9.95833400000000 0
 -35.1250000000000 -9.95833400000000 0
 -35.2083400000000 -9.95833400000000 0
 -35.2916600000000 -9.95833400000000 0
 -35.3750000000000 -9.95833400000000 0
 -35.4583400000000 -9.95833400000000 0
 -35.5416600000000 -9.95833400000000 0
 -35.6250000000000 -9.95833400000000 0
 -35.7083400000000 -9.95833400000000 0
 -35.7916600000000 -9.95833400000000 0
 -35.8750000000000 -9.95833400000000 0
 -35.9583400000000 -9.95833400000000 0
 -36.0416600000000 -9.95833400000000 0
 -36.1250000000000 -9.95833400000000 0
 -36.2083400000000 -9.95833400000000 0
 -36.2916600000000 -9.95833400000000 0
 -36.3750000000000 -9.95833400000000 0
 -36.4583400000000 -9.95833400000000 0
 -36.5416600000000 -9.95833400000000 0
 -36.6250000000000 -9.95833400000000 0
 -36.7083400000000 -9.95833400000000 0
 -36.7916600000000 -9.95833400000000 0
 -36.8750000000000 -9.95833400000000 0
 -36.9583400000000 -9.95833400000000 0
 -37.0416600000000 -9.95833400000000 0
 -37.1250000000000 -9.95833400000000 0
 -37.2083400000000 -9.95833400000000 0
 -37.2916600000000 -9.95833400000000 0
 -37.3750000000000 -9.95833400000000 0
 -37.4583400000000 -9.95833400000000 0
 -37.5416600000000 -9.95833400000000 0
 -37.6250000000000 -9.95833400000000 0
 -37.7083400000000 -9.95833400000000 0
 -37.7916600000000 -9.95833400000000 0
 -37.8750000000000 -9.95833400000000 0
 -37.9583400000000 -9.95833400000000 0
 -38.0416600000000 -9.95833400000000 0
 -38.1250000000000 -9.95833400000000 0
 -38.2083400000000 -9.95833400000000 0
 -38.2916600000000 -9.95833400000000 0
 -38.3750000000000 -9.95833400000000 0
 -38.4583400000000 -9.95833400000000 0
 -38.5416600000000 -9.95833400000000 0
 -38.6250000000000 -9.95833400000000 0
 -38.7083400000000 -9.95833400000000 0
 -38.7916600000000 -9.95833400000000 0
 -38.8750000000000 -9.95833400000000 0
 -38.9583400000000 -9.95833400000000 0
 -39.0416600000000 -9.95833400000000 0
 -39.1250000000000 -9.95833400000000 0
 -39.2083400000000 -9.95833400000000 0
 -39.2916600000000 -9.95833400000000 0
 -39.3750000000000 -9.95833400000000 0
 -39.4583400000000 -9.95833400000000 0
 -39.5416600000000 -9.95833400000000 0
 -39.6250000000000 -9.95833400000000 0
 -39.7083400000000 -9.95833400000000 0
 -39.7916600000000 -9.95833400000000 0
 -39.8750000000000 -9.95833400000000 0
 -39.9583400000000 -9.95833400000000 0
 -40.0416600000000 -9.95833400000000 0
 -40.1250000000000 -9.95833400000000 0
 -40.2083400000000 -9.95833400000000 0
 -40.2916600000000 -9.95833400000000 0
 -40.3750000000000 -9.95833400000000 0
 -40.4583400000000 -9.95833400000000 0
 -40.5416600000000 -9.95833400000000 0
 -40.6250000000000 -9.95833400000000 0
 -40.7083400000000 -9.95833400000000 0
 -40.7916600000000 -9.95833400000000 0
 -40.8750000000000 -9.95833400000000 0
 -40.9583400000000 -9.95833400000000 0
 -41.0416600000000 -9.95833400000000 0
 -41.1250000000000 -9.95833400000000 0
 -41.2083400000000 -9.95833400000000 0
 -41.2916600000000 -9.95833400000000 0
 -41.3750000000000 -9.95833400000000 0
 -41.4583400000000 -9.95833400000000 0
 -41.5416600000000 -9.95833400000000 0
 -41.6250000000000 -9.95833400000000 0
 -41.7083400000000 -9.95833400000000 0
 -41.7916600000000 -9.95833400000000 0
 -41.8750000000000 -9.95833400000000 0
 -41.9583400000000 -9.95833400000000 0
 -42.0416600000000 -9.95833400000000 0
 -42.1250000000000 -9.95833400000000 0
 -42.2083400000000 -9.95833400000000 0
 -42.2916600000000 -9.95833400000000 0
 -42.3750000000000 -9.95833400000000 0
 -42.4583400000000 -9.95833400000000 0
 -42.5416600000000 -9.95833400000000 0
 -42.6250000000000 -9.95833400000000 0
 -42.7083400000000 -9.95833400000000 0
 -42.7916600000000 -9.95833400000000 0
 -42.8750000000000 -9.95833400000000 0
 -42.9583400000000 -9.95833400000000 0
 -43.0416600000000 -9.95833400000000 0
 -43.1250000000000 -9.95833400000000 0
 -43.2083400000000 -9.95833400000000 0
 -43.2916600000000 -9.95833400000000 0
 -43.3750000000000 -9.95833400000000 0
 -43.4583400000000 -9.95833400000000 0
 -43.5416600000000 -9.95833400000000 0
 -43.6250000000000 -9.95833400000000 0
 -43.7083400000000 -9.95833400000000 0
 -43.7916600000000 -9.95833400000000 0
 -43.8750000000000 -9.95833400000000 0
 -43.9583400000000 -9.95833400000000 0
 -44.0416600000000 -9.95833400000000 0
 -44.1250000000000 -9.95833400000000 0
 -44.2083400000000 -9.95833400000000 0
 -44.2916600000000 -9.95833400000000 0
 -44.3750000000000 -9.95833400000000 0
 -44.4583400000000 -9.95833400000000 0
 -44.5416600000000 -9.95833400000000 0
 -44.6250000000000 -9.95833400000000 0
 -44.7083400000000 -9.95833400000000 0
 -44.7916600000000 -9.95833400000000 0
 -44.8750000000000 -9.95833400000000 0
 -44.9583400000000 -9.95833400000000 0
 <endpolygon>
